const           105   1
int             102   1
max             700   1
=               219   1
100             400   1
;               303   1
int             102   3
check_guess     700   3
(               201   3
int             102   3
guess           700   3
)               202   3
;               303   3
int             102   4
b               700   4
=               219   4
20              400   4
;               303   4
int             102   5
main            700   5
(               201   5
)               202   5
{               301   5
int             102   6
a               700   6
=               219   6
10              400   6
,               304   6
c               700   6
,               304   6
d               700   6
=               219   6
0               400   6
,               304   6
result          700   6
;               303   6
result          700   7
=               219   7
check_guess     700   7
(               201   7
g               700   7
)               202   7
;               303   7
if              111   8
(               201   8
result          700   8
==              215   8
1               400   8
&&              217   8
(               201   8
g               700   8
>=              214   8
0               400   8
||              218   8
g               700   8
<               211   8
0               400   8
)               202   8
&&              217   8
!               205   8
(               201   8
result          700   8
==              215   8
0               400   8
)               202   8
)               202   8
{               301   8
{               301   9
int             102   10
tmp             700   10
=               219   10
result          700   10
*               206   10
2               400   10
;               303   10
tmp             700   11
=               219   11
tmp             700   11
-               210   11
1               400   11
;               303   11
}               302   12
}               302   13
if              111   14
(               201   14
a               700   14
<               211   14
max             700   14
&&              217   14
b               700   14
!=              216   14
0               400   14
)               202   14
{               301   14
a               700   15
=               219   15
a               700   15
+               209   15
b               700   15
;               303   15
}               302   16
else            112   16
{               301   16
a               700   17
=               219   17
0               400   17
;               303   17
}               302   18
while           110   19
(               201   19
a               700   19
>               213   19
0               400   19
)               202   19
{               301   19
a               700   20
=               219   20
a               700   20
-               210   20
1               400   20
;               303   20
}               302   21
for             113   22
(               201   22
i               700   22
=               219   22
0               400   22
;               303   22
i               700   22
<               211   22
10              400   22
;               303   22
i               700   22
=               219   22
i               700   22
+               209   22
1               400   22
)               202   22
{               301   22
if              111   23
(               201   23
i               700   23
==              215   23
5               400   23
)               202   23
continue        108   24
;               303   24
if              111   25
(               201   25
i               700   25
==              215   25
8               400   25
)               202   25
break           104   26
;               303   26
sum             700   27
=               219   27
sum             700   27
+               209   27
i               700   27
;               303   27
}               302   28
do              109   29
{               301   29
sum             700   30
=               219   30
sum             700   30
-               210   30
1               400   30
;               303   30
}               302   31
while           110   31
(               201   31
sum             700   31
>               213   31
0               400   31
)               202   31
;               303   31
return          106   32
sum             700   32
;               303   32
}               302   33
int             102   36
check_guess     700   36
(               201   36
int             102   36
guess           700   36
)               202   36
{               301   36
const           105   37
int             102   37
CORRECT         700   37
=               219   37
1               400   37
,               304   37
WRONG           700   37
=               219   37
0               400   37
;               303   37
int             102   38
result          700   38
;               303   38
if              111   39
(               201   39
guess           700   39
==              215   39
TARGET          700   39
)               202   39
{               301   39
result          700   40
=               219   40
CORRECT         700   40
;               303   40
game_over       700   41
=               219   41
1               400   41
;               303   41
}               302   42
else            112   42
{               301   42
result          700   43
=               219   43
WRONG           700   43
;               303   43
if              111   44
(               201   44
guess           700   44
<               211   44
TARGET          700   44
)               202   44
hint            700   44
=               219   44
L               500   44
;               303   44
else            112   45
hint            700   45
=               219   45
H               500   45
;               303   45
}               302   46
return          106   47
result          700   47
;               303   47
}               302   48