int 101 4
calculate_power 700 4
( 303 4
int 101 4
base 700 4
, 302 4
int 101 4
exp 700 4
) 304 4
{ 305 4
int 101 5
res 700 5
; 301 5
int 101 6
i 700 6
; 301 6
res 700 7
= 207 7
1 401 7
; 301 7
i 700 8
= 207 8
0 401 8
; 301 8
while 108 10
( 303 10
i 700 10
< 209 10
exp 700 10
) 304 10
{ 305 10
res 700 11
= 207 11
res 700 11
* 212 11
base 700 11
; 301 11
i 700 12
= 207 12
i 700 12
+ 210 12
1 401 12
; 301 12
} 306 13
return 105 14
res 700 14
; 301 14
} 306 15
void 104 17
main 700 17
( 303 17
) 304 17
{ 305 17
int 101 18
a 700 18
, 302 18
b 700 18
, 302 18
c 700 18
, 302 18
x 700 18
, 302 18
y 700 18
, 302 18
z 700 18
; 301 18
int 101 19
result 700 19
; 301 19
a 700 21
= 207 21
10 401 21
; 301 21
b 700 22
= 207 22
5 401 22
; 301 22
c 700 23
= 207 23
2 401 23
; 301 23
x 700 26
= 207 26
a 700 26
+ 210 26
b 700 26
; 301 26
y 700 27
= 207 27
b 700 27
* 212 27
c 700 27
; 301 27
z 700 28
= 207 28
a 700 28
+ 210 28
b 700 28
; 301 28
result 700 30
= 207 30
x 700 30
* 212 30
( 303 30
a 700 30
+ 210 30
b 700 30
) 304 30
; 301 30
result 700 31
= 207 31
result 700 31
+ 210 31
( 303 31
b 700 31
* 212 31
c 700 31
) 304 31
; 301 31
if 106 34
( 303 34
result 700 34
> 208 34
100 401 34
) 304 34
{ 305 34
x 700 36
= 207 36
y 700 36
+ 210 36
z 700 36
; 301 36
y 700 37
= 207 37
y 700 37
+ 210 37
z 700 37
; 301 37
calculate_power 700 38
( 303 38
x 700 38
, 302 38
2 401 38
) 304 38
; 301 38
} 306 39
else 107 39
{ 305 39
x 700 41
= 207 41
a 700 41
- 211 41
b 700 41
; 301 41
z 700 42
= 207 42
a 700 42
- 211 42
b 700 42
; 301 42
} 306 43
a 700 46
= 207 46
a 700 46
+ 210 46
0 401 46
; 301 46
b 700 47
= 207 47
b 700 47
* 212 47
1 401 47
; 301 47
c 700 48
= 207 48
c 700 48
* 212 48
0 401 48
; 301 48
result 700 51
= 207 51
calculate_power 700 51
( 303 51
b 700 51
, 302 51
c 700 51
) 304 51
; 301 51
} 306 52
