
const           105   2
int             102   2
GLOBAL_MAX      700   2
=               219   2
100             400   2
,               304   2
GLOBAL_MIN      700   2
=               219   2
0               400   2
;               303   2
const           105   3
float           103   3
PI              700   3
=               219   3
3.14159         800   3
f               700   3
;               303   3
int             102   6
global_int      700   6
=               219   6
10              400   6
;               303   6
float           103   7
global_float    700   7
;               303   7
char            101   8
global_char     700   8
=               219   8
A               500   8
;               303   8
int             102   11
add             700   11
(               201   11
int             102   11
a               700   11
,               304   11
int             102   11
b               700   11
)               202   11
;               303   11
float           103   12
divide          700   12
(               201   12
float           103   12
x               700   12
,               304   12
float           103   12
y               700   12
)               202   12
;               303   12
void            107   13
check_range     700   13
(               201   13
int             102   13
value           700   13
)               202   13
;               303   13
void            107   14
empty_func      700   14
(               201   14
void            107   14
)               202   14
;               303   14
int             102   17
add             700   17
(               201   17
int             102   17
a               700   17
,               304   17
int             102   17
b               700   17
)               202   17
{               301   17
const           105   18
int             102   18
LOCAL_CONST     700   18
=               219   18
100             400   18
;               303   18
int             102   19
result          700   19
;               303   19
result          700   20
=               219   20
a               700   20
+               209   20
b               700   20
;               303   20
return          106   21
result          700   21
;               303   21
}               302   22
float           103   25
divide          700   25
(               201   25
float           103   25
x               700   25
,               304   25
float           103   25
y               700   25
)               202   25
{               301   25
if              111   26
(               201   26
y               700   26
==              215   26
0               400   26
)               202   26
{               301   26
return          106   27
0.0             800   27
f               700   27
;               303   27
}               302   28
else            112   28
{               301   28
return          106   29
x               700   29
/               207   29
y               700   29
;               303   29
}               302   30
}               302   31
void            107   34
check_range     700   34
(               201   34
int             102   34
value           700   34
)               202   34
{               301   34
int             102   35
i               700   35
=               219   35
0               400   35
;               303   35
while           110   36
(               201   36
i               700   36
<               211   36
10              400   36
)               202   36
{               301   36
i               700   37
=               219   37
i               700   37
+               209   37
1               400   37
;               303   37
if              111   38
(               201   38
i               700   38
==              215   38
value           700   38
)               202   38
{               301   38
continue        108   39
;               303   39
}               302   40
if              111   41
(               201   41
i               700   41
>               213   41
value           700   41
)               202   41
{               301   41
break           104   42
;               303   42
}               302   43
}               302   44
do              109   46
{               301   46
value           700   47
=               219   47
value           700   47
-               210   47
1               400   47
;               303   47
}               302   48
while           110   48
(               201   48
value           700   48
>               213   48
0               400   48
)               202   48
;               303   48
for             113   50
(               201   50
int             102   50
j               700   50
=               219   50
0               400   50
;               303   50
j               700   50
<               211   50
5               400   50
;               303   50
j               700   50
=               219   50
j               700   50
+               209   50
1               400   50
)               202   50
{               301   50
}               302   52
}               302   53
void            107   56
empty_func      700   56
(               201   56
void            107   56
)               202   56
{               301   56
}               302   58
int             102   61
main            700   61
(               201   61
)               202   61
{               301   61
const           105   63
int             102   63
LOCAL_MAX       700   63
=               219   63
50              400   63
,               304   63
LOCAL_MIN       700   63
=               219   63
10              400   63
;               303   63
int             102   65
a               700   65
=               219   65
5               400   65
,               304   65
b               700   65
=               219   65
3               400   65
,               304   65
c               700   65
;               303   65
float           103   66
x               700   66
=               219   66
2.5             800   66
f               700   66
,               304   66
y               700   66
;               303   66
char            101   67
ch              700   67
=               219   67
Z               500   67
;               303   67
a               700   70
=               219   70
b               700   70
=               219   70
c               700   70
=               219   70
0               400   70
;               303   70
float           103   73
arithmetic      700   73
=               219   73
-               210   73
x               700   73
+               209   73
(               201   73
a               700   73
+               209   73
b               700   73
)               202   73
